#!/usr/bin/env Rscript

#Задача 3
#Создайте переменную, в которой будут храниться числа 
#от 1 до 2000 и от 4000 до 5000

vec <- c(1:2000, 4000:5000);